0.000 0.868
0.247 0.867
0.491 0.865
0.734 0.863
0.976 0.860
1.215 0.859
1.453 0.856
1.689 0.855
1.923 0.852
2.156 0.851
2.387 0.850
2.616 0.848
2.844 0.846
3.070 0.845
3.295 0.844
3.518 0.842
3.740 0.840
3.960 0.838
4.178 0.836
4.395 0.834
4.611 0.832
4.825 0.831
5.038 0.829
5.249 0.827
5.459 0.825
5.667 0.823
5.874 0.821
6.080 0.818
6.284 0.816
6.487 0.814
6.689 0.812
6.890 0.809
7.089 0.807
7.287 0.806
7.483 0.805
7.679 0.803
7.873 0.801
8.066 0.800
8.258 0.799
8.448 0.797
8.637 0.795
8.826 0.794
9.013 0.792
9.199 0.791
9.383 0.790
9.567 0.789
9.749 0.787
9.931 0.786
10.111 0.784
10.290 0.783
10.469 0.782
10.646 0.781
