0.000 0.876
0.247 0.875
0.491 0.873
0.734 0.871
0.976 0.870
1.215 0.869
1.453 0.867
1.689 0.866
1.923 0.863
2.156 0.861
2.387 0.860
2.616 0.857
2.844 0.856
3.070 0.853
3.295 0.852
3.518 0.850
3.740 0.847
3.960 0.846
4.178 0.843
4.395 0.843
4.611 0.841
4.825 0.840
5.038 0.838
5.249 0.836
5.459 0.836
5.667 0.834
5.874 0.833
6.080 0.829
6.284 0.828
6.487 0.825
6.689 0.823
6.890 0.821
7.089 0.819
7.287 0.817
7.483 0.816
7.679 0.814
7.873 0.812
8.066 0.811
8.258 0.811
8.448 0.809
8.637 0.808
8.826 0.807
9.013 0.805
9.199 0.804
9.383 0.802
9.567 0.801
9.749 0.799
9.931 0.798
10.111 0.797
10.290 0.796
10.469 0.794
10.646 0.793
